-0.0595360954
-0.0782477196
-0.0560184347
0.0058336968
0.1459081661
0.2181324703
0.3262292479
0.2941388596
0.1395508831
0.0794906038
0.0088666044
0.0255507634
0.0214227023
0.0277052671
0.0317009002
0.1299864283
0.2085526184
0.3365466015
0.3482951043
0.3282987210
0.0952447774
0.0747058248
-0.0254801499
-0.0171577364
-0.0157846234
-0.0715817934
-0.0083431021
0.0160372694
0.2099585786
0.2624821578
0.2969635992
0.2443355798
0.0464875608
0.0888830332
0.0347932039
0.0193169123
-0.0093495069
0.0200584284
-0.0540301750
0.0549835175
0.1047642721
0.1508684059
0.1277911591
0.0449247037
0.0855114251
0.0097238070
-0.0074026886
-0.0006415454
0.0134957104
-0.0009395352
0.0227223452
0.0221899474
0.0150904274
0.0036293277
0.0004065835
0.0271231537
-0.0108249492
-0.0226510160
-0.0349640590
-0.0066892671
-0.0328140738
-0.0062166984
0.0165936722
0.0508671815
0.0934745662
0.1882462049
0.2288484361
0.1924596466
0.1681633689
0.1414582995
0.2285999988
0.1468485124
0.1303558635
0.1376572767
0.0797217650
0.0488610533
0.0420746908
0.1229463027
0.0682167469
0.0774717091
0.0705700341
0.1421297276
0.0742665213
0.0419959277
0.0173913935
-0.0513154605
-0.0979300406
-0.0632267314
0.1403351519
0.2466333570
0.2927880681
0.1850057362
0.2045874555
0.0474671932
0.0607123690
0.0385430507
-0.0135823538
-0.0816873044
-0.0825644799
-0.0014727611
0.1352485455
0.2019390892
0.1792467755
0.1716302652
0.0785856183
0.1219154496
0.0534122563
0.0183833401
-0.0206890946
-0.0253999566
-0.0658954374
-0.0156226545
0.1063951838
0.1264229716
0.2371366055
0.1849031539
0.0870097498
0.1118045756
0.0450349006
0.0221154649
-0.0217054696
-0.0006113176
-0.0157567029
0.0401988121
0.1180216235
0.2433072770
0.1914288142
0.1949516225
0.0791946014
0.0330496631
-0.0320460326
-0.0951901620
-0.0566493721
-0.1211437445
-0.0956376783
0.0135112197
0.1894169391
0.2756393687
0.3527128987
0.2964294110
0.1246761027
0.0422600210
0.0050167860
-0.0279561613
-0.0203396484
-0.0422238194
-0.0254752071
0.0768081660
0.1999635408
0.3203939023
0.3229335080
0.2582464763
0.1174407407
0.0312742501
0.0175253012
-0.0357609381
-0.0355205231
-0.0161748892
0.0297163606
0.0551468868
0.2445520062
0.2452527733
0.2419420056
0.1061288169
0.0048036695
0.0058081039
-0.0459546461
-0.0799121385
-0.1308725183
-0.0560114734
-0.1173445799
0.0512836146
0.1233696195
0.2067042168
0.1901324839
0.0538983366
0.0300852592
-0.0927581337
-0.1089166860
-0.0589309716
-0.0266841324
-0.0631888659
-0.0602260127
-0.0374772405
0.0467894935
0.0923840481
0.0900614293
0.0957539840
0.0235035846
-0.0463542300
-0.0639102054
-0.0230877803
-0.0740408748
-0.0541198646
-0.0392418904
-0.0134985808
0.0304643615
0.1117538145
0.1639158171
0.1123650080
0.0029400774
-0.0429895211
-0.0051758202
-0.0674352679
-0.0546896360
-0.0520296051
-0.0753460953
-0.0473559054
0.0762563603
0.2044132510
0.2654026248
0.2053628519
0.0805777700
0.0927647557
-0.0160203229
0.0130497813
-0.0090213169
-0.0475631033
-0.0963829027
-0.0209631522
0.1373031622
0.2042497861
0.2521139806
0.1653482044
0.1764879436
0.0598326490
0.0435098202
0.0177346297
-0.0430038735
-0.1195155661
-0.1201858541
-0.0562560797
-0.0302565861
0.0888963654
0.1624419780
0.1997434000
0.1003764664
0.0719720581
0.0191021224
-0.0802442813
-0.0977898699
-0.1137500674
-0.1266338278
-0.0361784552
0.1030023721
0.1351533936
0.2309062429
0.1779824139
0.1420745606
0.0343346726
0.0190974783
-0.0595582807
-0.0916533698
-0.0655337936
-0.1244243223
-0.1088703579
-0.0572159503
0.0371992623
0.0118419546
0.0400468704
-0.0050135566
-0.0432873027
-0.0832259631
-0.0953117173
-0.0813924130
-0.1188532784
-0.0960267770
-0.0186222800
0.1369217218
0.2191847706
0.2890324858
0.2652466409
0.1172203268
-0.0029018453
-0.0757917712
-0.0490326226
-0.0314018274
-0.1036014907
-0.0705754919
0.0565979208
0.1058206712
0.2398677822
0.2460616261
0.2015314285
0.0373049665
-0.0423229229
-0.0261747593
-0.0694462707
-0.0772834046
-0.1185349698
-0.0787840898
-0.0327303517
0.2189253422
0.2168083902
0.2105142247
0.1333214743
-0.0815017260
0.0040173246
-0.0702228444
-0.1172038741
-0.1494150979
-0.0676092021
-0.1065871952
-0.0046401799
0.0789411583
0.1579975290
0.1729304659
0.0035321899
0.0427705886
-0.0526406081
-0.1248392952
-0.1712442670
-0.1225752660
-0.1699594703
-0.1213371854
-0.0793660078
0.0507559853
0.1026522496
0.0698219157
0.0751668641
-0.0414657204
-0.0976502474
-0.1070742706
-0.0904829851
-0.1241488147
-0.1036918091
-0.1201763705
-0.1460249134
-0.0948906033
-0.0288380919
-0.0984920362
-0.0958952582
-0.1399636331
-0.1508316706
-0.1114104292
-0.1479147172
-0.1064662691
-0.1401116756
-0.1952615663
-0.2122505345
-0.0656248545
0.0532000146
0.1253964768
0.0416171250
-0.0567947895
-0.0511143454
-0.1211828562
-0.1400395666
-0.1138542115
-0.1608031854
-0.1800549801
-0.1596485874
-0.0280107723
0.0020941755
0.0436551871
-0.0231437594
0.0159131906
-0.1110804898
-0.0905623315
-0.0443487314
-0.0221612829
-0.0383614836
-0.0724122445
-0.0506778223
-0.0543557131
-0.0280641867
0.0074957106
0.0821096087
0.0356738458
0.0103300801
0.0085189652
-0.0699336854
-0.1538881806
-0.1877328764
-0.1269346625
0.0024030421
0.1180016705
0.1660720249
0.2268529150
0.2070263855
0.1945101139
0.1151337925
-0.0101741276
-0.1115141079
-0.1416541805
-0.1358494923
-0.1275902702
-0.0354948023
0.1090836863
0.2271328904
0.2942922711
0.3204147703
0.2271024464
0.0493173899
0.0160555402
-0.0476857373
-0.0527229218
-0.1107483473
-0.1377028677
0.0008687973
0.1713776456
0.2601344023
0.3412738048
0.3054236246
0.1005813085
-0.0012659464
-0.0791630135
-0.0879042905
-0.1182619935
-0.1948711191
-0.1410776985
0.0267285845
0.1618359861
0.3398786241
0.2530394842
0.2337436174
0.1104351980
-0.0200001583
-0.0033770670
-0.0527277955
-0.1412514004
-0.1526063839
-0.0690094892
-0.0582696688
0.0363442388
-0.0386494210
-0.0698809907
-0.0726248022
-0.0795548207
-0.0393485743
-0.0384803250
-0.0438041599
-0.0103871083
-0.0042182885
-0.0208703636
0.0419940338
0.0742029641
0.0724400527
0.0466585869
-0.0003118703
0.0317466700
-0.0106526757
-0.0217264823
0.0120988589
0.0496266005
-0.0008703506
0.0655741668
0.0991386877
0.1892666912
0.2194653587
0.2481794417
0.2139304337
0.1561656263
0.0693125580
0.0626114664
0.0908862583
0.0416018570
0.0894220935
0.0820668658
0.0767591496
0.1062988441
0.0836031327
0.2293379274
0.1780121379
0.1211166909
0.0712520270
0.1015251507
0.0493406074
0.0737698308
0.0770264792
0.0485596824
0.0365197174
0.0348390894
0.1488749161
0.1191237910
0.0987509992
0.0147341461
0.0203290846
-0.0259219763
-0.0040632562
-0.0002339908
-0.0460492905
-0.0422030891
-0.0289872208
0.0823184284
0.1103993110
0.2441945401
0.1409859007
0.1762954685
0.0725551257
0.0910749522
0.0376694668
-0.0195237862
-0.0513854285
-0.0849009311
-0.0193024635
-0.0370027192
-0.0015424956
0.0297787410
0.0553127638
-0.0068919891
-0.0269005027
-0.0150913778
-0.0765435321
-0.1253790510
-0.1562754822
-0.1289679059
-0.1613542500
-0.1252684200
-0.0658042123
-0.0444732952
-0.0640199569
-0.0455365422
-0.0620643370
-0.0839405084
-0.1141455739
-0.1418465993
-0.1012730867
-0.1465677678
-0.0845722170
-0.0531065724
0.0608613179
0.0660222137
0.0755391264
0.0352173548
-0.0379606450
-0.1320266665
-0.1759462667
-0.1175842450
-0.1611242422
-0.1537094934
-0.0694804126
0.0621369716
0.0941369089
0.1727031184
0.1472670104
0.0566743605
-0.0625208666
-0.1085845332
-0.0738089886
-0.0882805251
-0.1319838141
-0.1482847860
-0.0331230450
-0.0141351801
-0.0191885648
-0.0246060827
-0.0369794653
-0.1143558155
-0.1593466692
-0.1097574107
-0.1661742343
-0.1695402222
-0.1471857790
-0.0842747738
-0.0531792679
0.1209720506
0.1271565066
0.1124794007
0.0578022846
-0.0314423463
-0.0159587876
-0.0539556483
-0.0363609278
0.0550767665
0.1187908310
0.0575005944
0.1018083783
0.1854893907
0.2000053905
0.1565790847
0.0732527144
0.1295793368
0.0719448610
-0.0010588379
0.0264250521
-0.0362319678
-0.0448384514
0.0303440396
0.0251940312
0.0011376730
0.0205397518
0.0527669424
0.0907356973
-0.0563038844
-0.1120898874
-0.1447279084
-0.1029791421
-0.1584033825
-0.2102883204
-0.1739835957
-0.0838670571
0.0254426007
0.0994646793
0.1930465094
0.0467349382
-0.0254099669
-0.1145363553
-0.0432191388
-0.1381164681
-0.0974720556
-0.1235759085
-0.1382182325
-0.1607493778
0.0162472979
0.1570986180
0.2066719949
0.1183588196
0.0152704135
0.0399069009
-0.0228273893
0.0004926910
-0.0331157334
-0.0978875220
-0.1512390893
-0.1282799938
0.0403170138
0.0388947268
0.1059612589
0.0596475385
0.0829151891
-0.0314741789
-0.0389765760
-0.0781040514
-0.1433748533
-0.2751474958
-0.3148028376
-0.1737741740
-0.0338350713
0.1448461719
0.0936047296
0.1213241743
0.0268846407
-0.0205291513
-0.0752746676
-0.1808220633
-0.2457594475
-0.2106607391
-0.2132622621
-0.1510614193
0.0172711858
0.0591335501
0.1239659372
0.0976211355
0.0688770562
-0.0297320523
-0.1270805697
-0.2159942461
-0.2490824208
-0.1799997705
-0.1926327768
-0.1224807029
0.0003393749
0.1199141238
0.1039029811
0.1462501639
0.0761343572
-0.0354021386
-0.1494971703
-0.2193782869
-0.1588110460
-0.2550781968
-0.2493316273
-0.1842027146
-0.0471358687
-0.0691557047
-0.0575553476
-0.0632409058
-0.1564288959
-0.2295595622
-0.2223596344
-0.2084778429
-0.2137391326
-0.2515705376
-0.2340796079
-0.1307465940
-0.0151780600
0.1507739177
0.1061282251
0.0737273738
-0.0248917377
-0.1608458252
-0.1864846372
-0.2208149184
-0.2620934386
-0.3053428902
-0.2365600861
-0.1670797409
0.0810074834
0.1283033990
0.1763443731
0.0478908435
-0.0984912330
-0.1111065077
-0.1568517242
-0.2032967586
-0.2003356885
-0.1586480750
-0.1884769741
-0.0769095342
0.0205256849
0.1224269560
0.0928969327
-0.0094085084
-0.0656167020
-0.1850522361
-0.2384406144
-0.2307784017
-0.1413333482
-0.1965877684
-0.1347574769
-0.0864411143
0.0257350694
0.1339032405
0.0739752535
0.0712688319
-0.0624433457
-0.1904257158
-0.2207367427
-0.0822318804
-0.0283605545
-0.0584253981
-0.0482055232
0.0077680110
0.0921647654
0.1559485274
0.2191974022
0.2215714956
0.0917793056
0.0105610151
0.0438424173
-0.0077444470
0.0449121341
-0.0060812445
-0.0325922878
-0.0329249817
-0.0402532668
0.0136191161
0.0068403788
0.0326155130
0.0370859887
0.0634235163
0.0199137552
0.0283585921
0.0034855720
-0.0253104178
-0.0270069073
-0.0284205237
0.0691569938
0.2000271346
0.2463441403
0.1725010985
0.2188015408
0.0802093083
0.0811742752
0.0670820602
0.0271756267
0.0179385599
-0.0058307007
0.0678636914
0.2220201821
0.2618202820
0.2455293017
0.3374867646
0.2093109472
0.2067451459
0.1446654090
0.0628743105
0.0168327931
-0.0198137393
-0.0089407572
0.1335427903
0.2727723953
0.2874655141
0.3675819983
0.2683045096
0.2921380033
0.1791773685
0.1095735835
0.0357792310
-0.0127808044
0.0169870683
0.0018803055
0.0521933542
0.1619723172
0.1738483764
0.1490882168
0.1920470467
0.1914904898
0.1456384425
0.0369651604
0.0474593984
0.0376409801
0.0684639502
0.0133215268
0.0259485416
0.1071387148
0.1526349820
0.3419247210
0.2469931430
0.1330409710
0.0115417771
-0.0195004660
0.0080631638
-0.0487924965
-0.0422414459
-0.0172919514
0.0689830179
0.1827213269
0.2815913763
0.2682645745
0.2033661632
0.1139011348
0.0013062019
0.0602205459
0.0005264272
-0.0531546076
-0.0789944886
-0.0152192712
0.0177517639
0.2189978105
0.2508610071
0.1122339270
0.1043569390
0.0369485513
0.0731252797
0.0307184259
0.0077382604
0.0070032735
0.0316368855
-0.0051709972
0.0994544484
0.1151996665
0.1216994621
0.0683660238
0.0614968708
0.0410508553
-0.0339933493
-0.0938517361
-0.0577547474
-0.0336089302
-0.0780210285
-0.0309446512
-0.0053950362
0.1005333098
0.1654363034
0.1920059128
-0.0067634701
-0.0941351889
-0.1293537220
-0.0817358342
-0.0488088000
-0.0725624238
-0.0554421301
-0.0783567370
-0.0673354708
0.0190079980
0.1206789252
0.2154540753
0.1009162250
-0.0237962721
-0.0354049720
0.0325127289
-0.0168698925
-0.0077908402
-0.0338340710
-0.0422723030
-0.0725916348
0.0503383702
0.1684208534
0.2041065493
0.1330333130
0.0419943146
0.0701846828
-0.0311019514
-0.0114068486
-0.0142529721
-0.0383276132
-0.0497523011
-0.0470049447
0.0229842045
0.0435867417
0.1220272946
0.1425137375
0.1881238830
0.0744223109
0.0851335198
0.0311303555
-0.0084468850
-0.0344361977
-0.0277901026
0.0388355156
0.0738394646
0.1829911233
0.1741834927
0.3207816740
0.1582246746
0.1133271866
0.0708007265
0.0236453959
-0.0053768117
-0.0319479941
-0.0091234653
-0.0032743113
0.0380343512
0.0934162196
0.1395385190
0.0907535765
0.1396453580
0.0968689013
0.0789342533
0.0412565356
0.0245301057
0.0257651412
0.0067674329
0.0253908287
0.0851828933
0.2248057226
0.2799974208
0.3017421101
0.1792201362
0.0663523984
0.0494340688
-0.0047660799
0.0311098321
-0.0099564600
-0.0078162936
0.0262812672
0.1977360452
0.2693599022
0.3346742910
0.2699383668
0.0904973248
-0.0025902787
-0.0763453931
-0.0110765641
-0.0687964364
-0.0318136998
-0.0147960710
0.0820690067
0.1247893841
0.2168693249
0.1684923711
0.1286951356
0.0818838917
-0.0277328156
0.0339300560
0.0114911449
-0.0072254597
-0.0130372215
0.0211098147
0.0499606263
0.2443327912
0.2462130168
0.2686615881
0.2035056606
0.0741892090
0.0634642844
0.0573008242
0.0158634618
-0.0141425428
0.0300794831
-0.0415975444
0.0895321631
0.1639448918
0.2458787509
0.2597396803
0.1727190037
0.1136792398
0.0411741646
0.0226283564
0.0056079308
0.0485269078
-0.0368309816
0.0078561527
0.0607752695
0.1801555219
0.2485356315
0.2493037662
0.2398082806
0.1430585946
0.0461440751
0.0567543899
0.1062520427
0.0147908508
0.0054118967
0.0080719276
0.0307241281
0.0919095853
0.1649710770
0.1712897608
0.0700658960
-0.0336072003
-0.0327181345
-0.0397412619
-0.0803619509
-0.0378095080
-0.0663866205
-0.0876411420
-0.0653132941
-0.0190676906
0.0524026611
0.1040208601
0.0152535269
-0.0180049131
0.0013882943
-0.0440587310
-0.0180157191
-0.0353529065
-0.0619812715
-0.0860334052
-0.0914463913
0.0560520481
0.1040698761
0.1952722137
0.1130624525
0.1357970889
-0.0408152120
-0.0242932718
-0.0742996872
-0.2378127961
-0.2814180361
-0.3157375743
-0.1896055445
-0.0364946497
0.1329107034
0.0743101214
0.1524489069
0.0267477155
0.0109671061
-0.0290250269
-0.0731716334
-0.1492559128
-0.1585392995
-0.1245677904
-0.1133833468
0.0175772802
0.0528951525
0.1133942092
0.0508668064
0.0334107489
-0.0013062026
-0.0236938675
-0.0881928606
-0.0996449301
-0.0718132601
-0.0721039453
-0.0004890379
0.0922800761
0.1839299338
0.2268506358
0.2710423843
0.1542168676
0.0112368717
-0.0449777702
-0.1418313263
-0.0592376343
-0.1763134257
-0.1777792167
-0.1385507528
-0.0913191805
-0.1152943245
-0.1183498712
-0.1040258846
-0.1360991696
-0.1612228484
-0.1867219549
-0.1893233928
-0.2132053140
-0.2124344590
-0.1758322041
-0.1526324164
-0.1405884462
-0.1062063031
-0.1284184061
-0.1427659103
-0.1773677909
-0.2017156251
-0.1744383186
-0.1099354732
-0.0063930657
-0.0220123076
0.0272780123
0.0804819303
0.2354820662
0.2396411588
0.2863281169
0.2379365231
0.0722196812
0.0760408069
0.0692806441
0.0269100675
-0.0091080194
0.0077517519
0.0005464520
0.0891422954
0.0991360162
0.0638008456
0.0595887574
0.0044888859
0.0302243678
0.0015590832
-0.0228589693
-0.0166586476
0.0139194984
-0.0064311136
0.0668946009
0.0258951419
0.0623030148
0.0213443542
0.0219259183
0.0808954536
0.0850991852
-0.0128173103
-0.0392543394
0.0367403796
-0.0153459435
-0.0085697999
-0.0064269600
0.0911319223
0.1516264644
0.1632768197
0.1933672590
0.0989739181
0.0310899552
0.0058265772
0.0409923394
0.0050016781
0.0113399614
0.0005861944
0.0284523383
0.0142688376
0.0704058141
0.1276826524
0.1923360532
0.1780572310
0.0767056476
0.0951266611
0.0279212250
0.0550540650
0.0285123517
0.0264819138
-0.0145288224
0.0539460256
0.1303118137
0.2277488307
0.1966955195
0.1763361489
0.1381348641
0.0441634304
0.0859890317
0.0345814326
0.0061516179
-0.0555454533
-0.0807149213
0.0382261384
0.1716346106
0.3208095327
0.1657632950
0.0923852181
0.0954879711
0.1136472339
0.0728510653
-0.0128750985
-0.0658610214
-0.0918961233
-0.0721420022
0.0282808239
0.1582986405
0.1829335307
0.2748472770
0.2538244857
0.2097298066
0.0895686440
-0.0005675129
-0.2015505384
-0.2411688981
-0.2170047839
-0.1701752593
-0.1013763319
0.0893296293
0.2230586432
0.2547772442
0.2620282303
0.1535493305
0.0117400727
-0.1110903633
-0.1401342746
-0.1220123101
-0.1497264027
-0.1748053255
-0.0032059806
0.1098222892
0.2261630426
0.2704386326
0.1880770161
0.1136483042
-0.0037326532
-0.0895849636
-0.0285794167
-0.0515177865
-0.1093782870
-0.0938250502
0.0238093682
0.0383837542
0.2639347750
0.2531814535
0.2294796877
0.1263278320
-0.0405581657
-0.0531734403
-0.1106633160
-0.1690222990
-0.1502732825
-0.0990457836
0.0109388452
0.1822410411
0.2137489340
0.3129089053
0.2344034543
0.0891406213
0.0124579163
-0.0272076377
-0.1169010079
-0.1013927500
-0.0597046057
-0.0933463498
0.0317608422
0.0366867997
0.1310413786
0.2402996318
0.1349957800
0.1029511273
0.0238776686
-0.0328491576
-0.0682283933
-0.0063529273
-0.0680156724
-0.0165288565
0.0405244520
0.1747024326
0.2385121350
0.1974795010
0.1697990401
0.0900167454
-0.0330897360
-0.0609891017
-0.0109554535
-0.1028920187
-0.0433280994
-0.0358678147
-0.0015326386
0.0003768293
0.0281413172
0.0614545254
0.0267349598
-0.0582197550
-0.0514003621
-0.0728439145
-0.1230119970
-0.0921231138
-0.0980789994
-0.0942649694
-0.0876801226
0.0056568118
0.0861786959
0.1561936721
0.0959382230
-0.0110991483
0.0353505849
-0.0412655094
-0.0509119731
-0.0760530334
-0.0861604894
-0.1162917548
-0.0866562942
0.0886165478
0.1772972840
0.1705974349
0.0910357444
0.0248531504
0.0172326540
0.0331398772
0.0157101905
-0.0171906848
-0.0741482095
-0.0884574660
-0.0633792009
-0.0494039811
-0.0088334160
-0.0138411421
0.0147108920
-0.0285163561
-0.0035124665
0.0012527549
-0.0230726198
-0.0718456191
-0.0741729408
-0.0675543991
-0.0580693451
-0.0338929949
0.0219552311
0.0757619637
0.0077496742
0.0337136680
0.0134011708
-0.0230237656
-0.0811353806
-0.1160150849
-0.0725652887
-0.1002808545
-0.0139743887
0.1108441792
0.2109881106
0.1911489978
0.2273494500
0.1498280852
0.0834414185
-0.0059700135
-0.0300593976
-0.0222747308
-0.0557080809
-0.0517319418
-0.0530511654
0.0239941520
-0.0131267276
0.0416131141
0.0298550403
-0.0178112466
-0.0491581255
-0.0810408160
-0.0577509728
-0.0964601070
-0.1295895599
-0.1117062457
-0.0228978917
0.0550390223
0.1818879323
0.1896987836
0.0860810494
-0.0335227502
-0.1185643555
-0.1300473777
-0.1532297023
-0.1563883573
-0.1900988998
-0.1129103300
-0.0636410317
0.0961573708
0.1381924287
0.1694600483
0.0600073356
-0.0017670874
-0.0336362365
-0.0736484673
-0.1010763055
-0.1107857049
-0.0744338950
-0.1126078525
0.0336277022
0.0701036515
0.1779990271
0.1649114768
0.0010547957
-0.0500026423
-0.2261134247
-0.2850454702
-0.2573546928
-0.1809937985
-0.2557407882
-0.1891102430
-0.1644247373
-0.0488675749
-0.0444833910
-0.1329679288
-0.0569409584
-0.1581331508
-0.1384586260
-0.1366687428
-0.1198701244
-0.1370521938
-0.0864916338
-0.0933098900
-0.0769386059
-0.1075783385
-0.0513183674
-0.0353017966
-0.0636130373
-0.1289534078
-0.1774168880
-0.1863734292
-0.2172738734
-0.2891498632
-0.2635986383
-0.3219646714
-0.2940356343
-0.2172745272
-0.1529480584
-0.1974134206
-0.2174220108
-0.2818938779
-0.2344621857
-0.3191558289
-0.3374765440
-0.3413951889
-0.3185361009
-0.4259548527
-0.3306730804
-0.2283707006
-0.1676972238
-0.1030832330
-0.1269008224
-0.1046814025
-0.1788161278
-0.1732732417
-0.2038272937
-0.2579720620
-0.2864341035
-0.3063289208
-0.2539062386
-0.2600483065
-0.2353759277
-0.2250024429
-0.2084108658
-0.2345083972
-0.2294021067
-0.2386118076
-0.2381199382
-0.2514936315
-0.2680598188
-0.2480162651
-0.2062152740
-0.1126687103
-0.1356664155
-0.0999117536
-0.1344573851
-0.1437722881
-0.1500194622
-0.1540890347
-0.0988983300
-0.0856152169
-0.0595139237
-0.0071406635
0.0620345340
0.1475061918
0.2784327531
0.3333731291
0.3076571258
0.2155998055
0.0960854846
-0.0228103316
-0.0652675953
-0.0010939513
-0.0655883238
-0.0673221551
0.0435869366
0.1837412538
0.2137828866
0.2882324695
0.1980781010
0.1293474454
0.0565033939
0.0189921187
0.0169872982
0.0033814808
-0.0137635892
-0.0276279526
-0.0003852584
0.0640896719
0.1448148539
0.1680379717
0.1571506934
0.0866343250
-0.0167457759
-0.0259196300
-0.0293178718
-0.0503091595
-0.0694732060
-0.0308554695
-0.0171063942
0.0809070290
0.1060042028
0.1960464507
0.1051691101
-0.0410846385
0.0165061414
-0.0767516693
-0.0712731401
-0.0557643515
-0.0677297021
-0.0938920048
0.0550379356
0.1656335480
0.2589823425
0.2455661813
0.1513491219
-0.0045427902
0.0199950558
-0.0380111793
-0.0279364143
0.0205257845
-0.0495427263
0.0201776130
0.0524508292
0.1859249781
0.2207402827
0.2246257223
0.2353301007
0.0835439443
0.0593327792
-0.0092815714
0.0450153589
-0.0054017402
-0.0424104585
-0.0279461225
0.0238816981
0.0406668381
0.1542856980
0.2297149896
0.2483843904
0.1116824815
-0.0047830488
0.0469799999
-0.0545931638
-0.0404462631
-0.0427939041
-0.0368721650
-0.0106958207
0.1147308729
0.2809226015
0.1601195916
0.1377014808
0.0760096145
0.1005385657
-0.0087825083
0.0272926235
-0.0450323688
-0.1545148297
-0.2002040449
-0.1331507433
0.0240839411
0.0338924590
0.0484131450
0.0103731872
0.0368082187
-0.0895032011
-0.1119658690
-0.1544924144
-0.2538017508
-0.3445303006
-0.3235277360
-0.1516761494
-0.0454816109
0.0669728906
0.0642700737
0.1435907972
-0.0034292174
-0.0243682378
-0.0707686957
-0.1769987976
-0.2917151482
-0.2725030517
-0.2658937972
-0.1651433366
-0.0294357793
0.0012066290
0.1276971933
0.1505054039
0.1191657763
0.0369788295
-0.0564957754
-0.1524989758
-0.1859774964
-0.1726923223
-0.1958537001
-0.1821629182
-0.1569075058
-0.1083516592
-0.1207794612
-0.0871567734
-0.0936473626
-0.0987962682
-0.1437973477
-0.1897148342
-0.1469713842
-0.2067266558
-0.2171347386
-0.1322178496
0.0237910714
0.0993562178
0.2127182368
0.1226189890
0.0105972627
-0.1639819090
-0.2399417119
-0.2422140419
-0.2513492442
-0.3449782104
-0.2995900417
-0.1508646086
0.0122027265
0.1478006018
0.1293625615
0.0948474989
-0.0470231607
-0.1449492381
-0.1246591217
-0.1478414463
-0.1540093562
-0.1659614878
-0.1114571392
-0.1365250144
-0.0741102107
-0.0380792333
-0.0883655937
-0.1785052540
-0.1657300859
-0.1652284869
-0.1991403998
-0.2163460919
-0.2142506557
-0.1583456542
-0.1934497348
-0.0915357262
0.0297703122
0.1524186255
0.1211090191
-0.0646974336
-0.0077710004
-0.1072614721
-0.1767980266
-0.2645146007
-0.1647260717
-0.2392050211
-0.1969294797
-0.1077582490
0.0303017486
0.0670543006
0.0727317668
0.0939859258
0.0021018706
-0.0844070633
-0.1115194315
-0.0615473817
-0.1632908963
-0.1634590729
-0.1599348981
-0.1187166277
-0.1091441869
0.0162253474
0.1377609937
0.0660717577
-0.0527218762
-0.1321001988
-0.0780036799
-0.1800517713
-0.1611657696
-0.1481627940
-0.1855718825
-0.1358869187
0.0184499241
0.1016655387
0.0436644118
0.0354409152
-0.0054810960
0.0212705360
-0.1521260596
-0.0694025457
-0.0822629516
-0.1809882474
-0.1740110162
-0.2365014525
0.0173381995
0.0340056714
0.0946234610
0.0758746626
0.0745927306
-0.0907405013
-0.1082139573
-0.1261796393
-0.1445345495
-0.2514783736
-0.2238600659
-0.1700072852
-0.0630059204
0.0373002238
0.0264596815
0.0894087784
-0.0069784229
0.0120146338
-0.0108294929
-0.0651121566
-0.1093625899
-0.1401368780
-0.1240069973
-0.1321221992
-0.1152351188
-0.0554023343
0.0038411151
0.0020571768
0.0047146820
-0.0216028652
-0.0675360312
-0.1283591575
-0.1478877996
-0.1228892619
-0.1432598466
-0.1202357450
-0.1006001478
0.0116771262
0.0051545157
0.0552401479
0.0124699381
-0.0366900857
-0.1040696373
-0.1543971168
-0.0985689768
-0.1278921168
-0.1339518563
-0.0597385825
0.0719018974
0.1799206197
0.2630588679
0.2165355905
0.0934762574
-0.0186597417
-0.1061136472
-0.1053767223
-0.1761812847
-0.1698987199
-0.1741060245
-0.0126261053
0.1063878821
0.2377209168
0.2359093564
0.2193971042
0.0707624992
-0.0630268077
-0.0299379707
-0.0935671548
-0.0941919281
-0.0893927901
-0.0507746081
-0.0334211000
0.1268784884
0.1871448152
0.2651811185
0.1811759211
-0.0081529087
-0.0320982444
-0.0978035058
-0.1049133466
-0.1262058699
-0.1079453605
-0.1104115594
0.0218052198
0.0692710159
0.1402396141
0.1010911110
0.0284166739
-0.0236577644
-0.0365039512
-0.0931020811
-0.1379596038
-0.0842223087
-0.1397442385
-0.0977361551
-0.0654474974
-0.0518598091
-0.0756346153
-0.1158959469
-0.0664281717
-0.1176712873
-0.1222347942
-0.1214489126
-0.0878375801
-0.1053217180
-0.0913003683
-0.0761758904
-0.0725863476
-0.0579300733
-0.0550607583
0.0150047695
-0.0038893369
-0.0337656133
-0.0384511237
-0.0102549684
-0.0412165654
-0.0382783285
-0.0598799104
-0.0785911779
-0.1070937169
-0.0923434790
-0.0218694631
-0.0484206237
-0.0516560212
-0.0832763190
-0.0715009358
-0.0891683146
-0.0874085993
